Summary Statistics Report
=======================

Feature-wise Statistics:
----------------------
    Real_Mean  Synthetic_Mean  Real_Std  Synthetic_Std  Real_Skew  Synthetic_Skew  Real_Kurtosis  Synthetic_Kurtosis  KS_Statistic    KS_P_Value
0    0.083245       -1.661101  1.225301       2.653459  -0.715987        0.115065       0.893778           -1.254187      0.432784  1.129156e-56
1   -0.039012       -0.501988  0.917328       1.542573  -0.553460       -0.015954       0.326720           -1.321199      0.277739  3.850536e-23
2   -0.155026       -0.074253  1.090944       1.852367  -0.218540       -0.097745       0.259272           -1.193402      0.203715  1.387560e-12
3   -0.138259       -0.579837  0.653888       1.133098  -0.500436        0.078295       0.544667           -1.187632      0.321812  4.814185e-31
4    0.155620        0.385915  0.929627       1.486418   0.050926       -0.171883      -0.216613           -1.123994      0.213804  8.166371e-14
5    0.105848       -0.139834  1.230888       2.323019   0.069196       -0.013090       0.029813           -1.364785      0.271872  3.697945e-22
6   -0.034415        0.473290  1.226912       2.364529  -0.020493       -0.058841      -0.292153           -1.288635      0.289948  3.569038e-25
7   -0.184295       -0.146881  1.145702       1.870106  -0.032337       -0.134973      -0.142819           -1.240448      0.208852  3.424969e-13
8   -0.050300        0.326557  1.108337       2.141945   0.315785       -0.018715       0.781604           -1.298280      0.305812  5.007891e-28
9    0.008001        0.520375  0.767060       1.352247   0.478772       -0.133236       0.454165           -1.146540      0.321868  4.814185e-31
10   0.113046       -0.137850  0.988783       1.649092  -0.260466       -0.011580      -0.077208           -1.228189      0.229828  6.562768e-16
11  -0.001597        0.461802  0.765264       1.433851   0.449640        0.056359       0.009223           -1.266579      0.292880  1.071667e-25
12  -0.140787       -1.054397  1.071430       2.072123  -0.267766        0.133675       0.326678           -1.346901      0.362840  1.540827e-39
13  -0.026966        0.642007  1.040909       2.132936   0.485707        0.055626       0.985289           -1.297584      0.317792  2.833384e-30
14  -0.180128       -0.505188  0.976887       1.867270  -0.072561        0.014050       0.437361           -1.254062      0.267860  1.623185e-21
15  -0.057840        0.273557  1.086987       2.094603   0.099805        0.137423       0.147870           -1.262450      0.258776  4.161135e-20
16   0.059036        0.551233  1.135132       2.176123   0.004023       -0.196666       0.425685           -1.140624      0.294908  4.770387e-26
17  -0.023856        0.751783  1.096545       2.007902   0.773165        0.097750       0.828892           -1.214287      0.302836  1.766150e-27
18   0.085213       -0.189000  1.244691       1.994810  -0.115788        0.002467      -0.001342           -1.325553      0.230848  4.796823e-16
19  -0.193375       -0.250636  0.812227       1.600362   0.287373        0.073475       0.769022           -1.220227      0.258860  4.161133e-20
20  -0.065449        0.410690  1.033926       1.702794   0.375332        0.037911      -0.208033           -1.296428      0.269816  7.769936e-22
21   0.049192        0.513942  0.817507       1.263586   0.406933       -0.112832      -0.135953           -1.228462      0.283723  3.805519e-24
22   0.084520       -1.098591  1.089716       1.984241  -0.327245        0.077971       0.134034           -1.275393      0.401880  1.150332e-48
23   0.001877        0.185927  0.686892       1.118239  -0.114662       -0.156830      -0.017101           -1.199548      0.243856  7.167340e-18
24  -0.011310       -0.325487  0.832151       1.638920   0.003189        0.142784       0.832369           -1.131873      0.297872  1.401258e-26
25  -0.070648        2.226484  1.094318       2.469008   0.998628       -0.071236       2.589781           -1.167932      0.509832  1.302510e-79
26  -0.007174       -0.787320  1.013993       2.262241  -0.313612        0.048679       0.441099           -1.266677      0.353916  1.405171e-37
27  -0.005340       -0.114655  0.621661       1.257119  -0.056034       -0.098037       1.486119           -1.087395      0.250772  6.748051e-19
28  -0.046215       -0.687311  1.093518       1.845942  -0.365844        0.000477       0.095819           -1.174500      0.299747  6.146656e-27
29  -0.062161        0.525233  1.057406       1.648316   0.559436       -0.008906       0.141905           -1.243125      0.278739  2.627724e-23
30  -0.150348       -0.492833  1.121232       2.261319   0.098921       -0.106872       0.194954           -1.116878      0.261884  1.429593e-20
31   0.072659        0.090737  0.910516       1.464048   0.047003        0.073951      -0.096323           -1.147706      0.177884  1.139723e-09
32  -0.084684       -0.195794  0.931982       1.667980   0.006469        0.151852       0.031550           -1.272057      0.237812  5.138823e-17
33  -0.095041       -0.442246  1.245294       2.155099  -0.053254       -0.017441       0.145473           -1.284401      0.247856  1.873616e-18
34   0.039514       -0.522526  0.834532       1.581189  -0.865681        0.072484       1.009387           -1.279957      0.322739  3.079328e-31
35  -0.115610       -0.240370  1.380744       2.737382   0.155551        0.109114       0.017874           -1.365471      0.267780  1.623186e-21
36  -0.075600       -0.020639  1.147231       2.127039   0.245264        0.150837       0.174703           -1.190658      0.213735  8.166482e-14
37   0.051189        0.343374  1.011676       2.064437   0.456914        0.138327       0.874433           -1.209478      0.254832  1.694976e-19
38   0.126955       -0.910220  1.033965       1.876807  -0.640042        0.109421       0.883168           -1.278911      0.375752  1.822319e-42
39  -0.065398       -0.547440  1.008376       2.049709  -0.363970       -0.151452       0.356665           -1.277059      0.277908  3.850534e-23
40   0.093779       -0.415790  0.855846       1.553023  -0.512161        0.137493       0.581645           -1.114607      0.306723  3.280311e-28
41  -0.014846        1.224569  1.035751       2.341059   0.484096       -0.294529       0.789725           -1.178541      0.433860  6.068042e-57
42  -0.134434       -0.720973  1.126702       1.781386  -0.249160        0.153826      -0.084293           -1.098380      0.272828  2.545606e-22
43   0.226341        0.185709  1.005272       1.747527  -0.199066       -0.083550       0.217949           -1.263473      0.208900  3.422986e-13
44   0.037683       -1.777611  1.412991       3.128139  -0.606023        0.114297       1.320752           -1.276129      0.433844  6.068042e-57
45   0.014448        0.065776  0.940832       1.751292  -0.051176        0.227155       0.390647           -1.155602      0.221808  7.657591e-15
46   0.072229       -1.586185  1.083013       2.466042  -0.740390       -0.037676       1.707054           -1.207399      0.437904  4.977602e-58
47   0.154418        0.035110  0.873729       1.712708   0.092099        0.112149       0.326726           -1.266116      0.272860  2.545606e-22
48   0.086552       -0.884876  1.346317       2.494990  -0.501383       -0.002839       0.833854           -1.196351      0.332836  3.250751e-33
49   0.070190        0.646550  1.208362       2.380923   0.292373        0.023152       0.554867           -1.262488      0.294908  4.770387e-26
50  -0.020930       -0.167561  1.232861       1.999447   0.023508       -0.082755      -0.039891           -1.264652      0.204812  1.051802e-12
51  -0.000563       -0.543706  1.067161       2.084571  -0.227404        0.071374       0.159995           -1.244556      0.315840  6.812592e-30
52  -0.171481       -0.044914  1.389994       2.130257  -0.083295       -0.098152      -0.232872           -1.118882      0.202828  1.827623e-12
53  -0.044525       -0.079300  1.060967       2.178132  -0.004409       -0.087270       0.171120           -1.257798      0.237888  5.138640e-17
54   0.026628        0.056245  0.873498       1.667736   0.113191       -0.124126       0.251193           -1.234322      0.233776  1.857330e-16
55  -0.077216       -0.245913  0.698954       1.392935  -0.658759       -0.160488       1.129948           -1.258676      0.259800  2.918559e-20
56  -0.051596       -0.661330  1.025615       1.816930  -0.103106        0.057403      -0.008285           -1.216130      0.308820  1.401228e-28
57   0.148364       -0.268631  1.244217       1.847144  -0.477314        0.034380      -0.233905           -1.202641      0.225723  2.267174e-15
58   0.001627       -0.543652  1.074150       1.802199  -0.337757       -0.028845      -0.354637           -1.332150      0.274852  1.201072e-22
59   0.084788        0.421809  1.105963       2.055315  -0.020137       -0.154215       0.324863           -1.211012      0.289832  3.569042e-25
60  -0.114880       -0.349347  1.031767       1.754705   0.016451       -0.002680       0.117394           -1.225788      0.237739  5.138827e-17
61  -0.087507        0.765532  1.049553       1.649290   0.734367       -0.051253       0.529061           -1.237959      0.329655  1.293558e-32
62  -0.097228       -0.423491  1.069481       2.068606  -0.133459       -0.077958       0.337644           -1.329711      0.283880  3.805518e-24
63  -0.111958        0.077233  1.139692       1.853086  -0.191882        0.015973      -0.267864           -1.324431      0.237800  5.138824e-17

Overall Differences:
------------------
Mean_Abs_Diff: 0.4958
Std_Abs_Diff: 0.8773
Skew_Abs_Diff: 0.3242
Kurtosis_Abs_Diff: 1.6080
Mean_KS_Stat: 0.2868
Mean_KS_P_Value: 0.0000
